,"Annona squamosa root - Annona squamosa L., fam. Annonaceae (sweetsop or custard apple)","Basil (Italy) 4a steamdistillate - Ocimum basilicum L., fam. Lamiaceae (Labiatae)","Cangerana (Brazil) - Cabralea cangerana Sald. (C. glaberrima A. Juss.), fam. Meliaceae",Clove bud 3 - Eugenia caryophyllus (Spreng.) Bullock & Harrison (E.caryophyllata Thunb.),"Copaiba balsam 1 - Copaifera reticulata Ducke, fam. Legumiosae (Papilionaceae)","Copaiba balsam 2 - Copaifera officinalis L., fam. Legumiosae (Papilionaceae)","Guarea cedrata bark - Guarea cedrata (A. Chev.) Pellegr., fam. Meliaceae","Helichrysum hypnoides (Madagascar) 3 - Helichrysum hypnoides (DC.) R.Vig. et Humbert, fam.Asteraceae (Compositae)",Hemizygia welwitschii - Hemizygia welwitschii (Rolfe) M.Ashby (Orthosiphon welwitschii),"Hyptis pectinata - Hyptis pectinata (L.) Poit., fam. Lamiaceae (Labiatae)","Magnolia grandiflora flower (India) - Magnolia grandiflora L., fam. Magnoliaceae","Marihuana (India) - Cannabis sativa L., fam. Cannabinaceae","Melissa romana - Melissa romana Mill., fam. Lamiaceae (Labiatae)","Micromeria myrtifolia (Turkey) - Micromeria myrtifolia Boiss. et Hohen, fam. Lamiaceae (Labiatae)","Ocimum gratissimum (Aruba) - Ocimum gratissimum L., fam. Lamiaceae (Labiatae)","Orthodon dianthera (Vietnam) - Orthodon dianthera Maxim. (Mosla dianthera Maxim.), fam. Lamiaceae","Pepper, black (China) 2 root - Piper nigrum L., fam. Lamiaceae","Pepper, black (India) 7c cv. Kuthiravally - Piper nigrum L., cultivar Kuthiravally, fam. Piperaceae","Pepper, black (Malaysia) - Piper nigrum L., fam. Piperaceae","Pistacia lentiscus (Italy) 1a CO2-extract - Pistacia lentiscus L., fam. Anacardiaceae","Pistacia lentiscus (Italy) 3a CO2 extract leaf - Pistacia lentiscus L., fam. Anacardiaceae","Polygonum odoratum - Polygonum odoratum L., fam. Polygonaceae","Psidium cattleianum leaf - Psidium cattleianum Sabine, fam. Myrtaceae","Psidium friedrichsthalianum leaf - Psidium friedrichsthalianum (Berg) Niedenzu, fam. Myrtaceae","Pterodon polygalaeflorus - Pterodon polygalaeflorus Benth., fam. Leguminosae","Salvia canariensis (Spain) - Salvia canariensis L., fam. Lamiaceae (Labiatae)","Salvia nemorosa (Canada) - Salvia nemorosa L., fam. Lamiaceae (Labiatae)","Sindora glabra (China) - Sindora glabra Merr. ex De Wit, fam. Caesalpiniaceae","Spilanthes acmella - Spilanthes acmella Murr., fam. Asteraceae (Compositae)",Synedrella nodiflora leaf (Fiji) - Synedrella nodiflora (L.),"Vitex limonifolia leaf - Vitex limonifolia Wall., fam. Verbenaceae","Vitex trifolia var. bicolor (Fiji) - Vitex trifolia L. var. bicolor Moldenke (Willd.), fam. Verbenaceae","Vitex trifolia var. bicolor (Thailand) - Vitex trifolia L. var. bicolor Moldenke (Willd.), fam. Verbenaceae","Ylang Ylang (China) 1 - Cananga odorata (Lamk.) Hook. f. et Thomson forma genuina, fam. Annonaceae"
"Annona squamosa root - Annona squamosa L., fam. Annonaceae (sweetsop or custard apple)",1.0,0.578549201414367,0.6129136110048325,0.37465304771568886,0.5585908963770168,0.6539432614500599,0.6547433527124604,0.684874873658524,0.6402059410039656,0.36062231027229286,0.6782922667582185,0.678468531929602,0.3708922225477118,0.6898665424928601,0.5581305226709241,0.5767157629444608,0.6805626808710019,0.6992102837404433,0.6643516996692193,0.6229719242737157,0.6229748028181508,0.6515538271475465,0.6134153760971014,0.6412832782438651,0.5252393194876246,0.5216130193954864,0.6636927312875155,0.27887789604255964,0.5184062484138248,0.6270651345954217,0.6604444810072446,0.5461477082133561,0.548534093453855,0.5570824788570179
"Basil (Italy) 4a steamdistillate - Ocimum basilicum L., fam. Lamiaceae (Labiatae)",0.578549201414367,1.0,0.4765827766176116,0.44304242099508584,0.5467491901835906,0.5793347706536709,0.6174027270160516,0.518138576440996,0.5253985571698145,0.3095797385427861,0.5389613040514406,0.5862197395449635,0.2768107241743636,0.5996419003656839,0.5201805826810717,0.5433744473368601,0.6360195243777751,0.5224173012214784,0.5399399476388984,0.48853200230374483,0.4885341242159317,0.5404735329114299,0.6107741051938498,0.48622497491042926,0.4021336692141768,0.37355927300115266,0.5359414498524522,0.2037379511661508,0.4068754817393706,0.5621653780889997,0.5461438821814197,0.5623897489804534,0.563848777648448,0.4722369762775338
"Cangerana (Brazil) - Cabralea cangerana Sald. (C. glaberrima A. Juss.), fam. Meliaceae",0.6129136110048325,0.4765827766176117,1.0,0.18766308130708365,0.4637563515209516,0.5971158203035085,0.5870062343216271,0.6207237869420341,0.6208747680101917,0.46741777165117404,0.6780625524307559,0.5213796199123795,0.46111202903615,0.6890599247892146,0.5150001329691793,0.40280898880746907,0.5313789504478081,0.5990966687324204,0.6015421152180946,0.7755685194396418,0.7755733552123056,0.617902267108399,0.4288908679340756,0.557645342594576,0.5932489720792209,0.4941034221357433,0.6014139607426399,0.30590680558164396,0.5532389848463786,0.6068873970538067,0.5549316822554515,0.3828841258295079,0.3855864180212356,0.605108590358943
Clove bud 3 - Eugenia caryophyllus (Spreng.) Bullock & Harrison (E.caryophyllata Thunb.),0.37465304771568886,0.44304242099508584,0.18766308130708365,1.0,0.4684638709258835,0.38694291602214304,0.43717067135462906,0.26024679273368123,0.2726551925778492,0.15258519043066665,0.2758923334802218,0.47982758801882264,0.03585555162239962,0.40499334159196754,0.28566297660318074,0.5792484579999675,0.5455091792302473,0.29039566886219703,0.3335413111971274,0.22621085161123133,0.22579496322868942,0.29937197024476736,0.6714061910318471,0.2660322500059933,0.16903672520512825,0.1247330642191522,0.3130755034722563,0.0,0.14876536714159794,0.3831856519860234,0.3609359492812019,0.6270973870477063,0.6251222930537924,0.2247967268477279
"Copaiba balsam 1 - Copaifera reticulata Ducke, fam. Legumiosae (Papilionaceae)",0.5585908963770168,0.5467491901835906,0.4637563515209515,0.4684638709258835,1.0,0.6470082385920213,0.5831236648347186,0.4915136608081164,0.5385447777300449,0.32363995844203874,0.5415265251389854,0.5507396900766823,0.26486436022594373,0.5974233156566913,0.4825181482252018,0.4995534119378482,0.661295059154679,0.5233973095343103,0.5409837880990667,0.4714973384187544,0.4714993919373336,0.5277065078832576,0.6503275668690103,0.48929528535436106,0.3821872681481385,0.36374577056168955,0.534270754916525,0.4297108729587271,0.3877295120682539,0.585197838947042,0.5456842334652383,0.6032633791184989,0.604446993474157,0.43564000352233634
"Copaiba balsam 2 - Copaifera officinalis L., fam. Legumiosae (Papilionaceae)",0.6539432614500599,0.5793347706536709,0.5971158203035085,0.38694291602214304,0.6470082385920213,1.0,0.6514444651246746,0.6098609996001046,0.6555710282464431,0.35966608384482834,0.6378271468266703,0.6363424651598588,0.36066221070476834,0.6773547619204514,0.54154496164218,0.5574118661630878,0.6672509316824378,0.6054950962890318,0.6354272403022165,0.5920730595423287,0.5920757200468401,0.6269617538139536,0.5936483289476011,0.566469308211989,0.5061338459490295,0.4568358912573389,0.6084367006926875,0.2703180172415558,0.4931498495651584,0.630667052403718,0.5945360387804344,0.5394106951381685,0.5415870453206317,0.5415788009602166
"Guarea cedrata bark - Guarea cedrata (A. Chev.) Pellegr., fam. Meliaceae",0.6547433527124604,0.6174027270160516,0.5870062343216269,0.43717067135462906,0.5831236648347186,0.6514444651246746,1.0,0.5866415871306079,0.5976068341311574,0.35004957327581476,0.6185954378672307,0.6404951361753044,0.3684382020376562,0.6917853034520067,0.5322486626852599,0.5757169931258574,0.6841523020101277,0.5903790241870142,0.6159898228154144,0.5829381003843368,0.582940702615116,0.6121808802390669,0.6347629864345994,0.546499953859147,0.48733183643586786,0.5252903934588954,0.5977628509882311,0.2568170989656612,0.46924835506533213,0.6229058931121576,0.6038010996450367,0.5778265142371515,0.579776383389847,0.5340135884342198
"Helichrysum hypnoides (Madagascar) 3 - Helichrysum hypnoides (DC.) R.Vig. et Humbert, fam.Asteraceae (Compositae)",0.684874873658524,0.518138576440996,0.6207237869420341,0.26024679273368123,0.4915136608081164,0.6098609996001046,0.5866415871306079,1.0,0.6258649777439547,0.3370933617570452,0.642750358281264,0.590371231634536,0.38534239431174455,0.6573322940442456,0.57601914758062,0.47420185173978247,0.5918675019552171,0.6813893828134749,0.6535240084272416,0.6265044151116839,0.6265073208813687,0.6361976643624712,0.5114608570436344,0.5874368396997414,0.4977712850170902,0.5005014693560899,0.6279977125331087,0.2797875244563419,0.5171741074989495,0.5854637195084407,0.6223078726235973,0.46720923921716573,0.46982113964180383,0.5449580442366253
Hemizygia welwitschii - Hemizygia welwitschii (Rolfe) M.Ashby (Orthosiphon welwitschii),0.6402059410039656,0.5253985571698145,0.6208747680101917,0.2726551925778493,0.5385447777300449,0.6555710282464431,0.5976068341311574,0.6258649777439547,1.0,0.3560092877572335,0.6983791852672919,0.6055350365395442,0.38667337074795505,0.6457002920545354,0.5385993446033746,0.4662146559721354,0.6042926326795726,0.6389299537117892,0.6246724345241477,0.6147598704348849,0.6147408135623705,0.6359199485447534,0.5134119338068933,0.5789479282855137,0.49748368221537453,0.48441336134347335,0.66334340178489,0.2844979668000982,0.5151454214480311,0.6019126173344727,0.6092351388540003,0.49834512728158253,0.5012546539803039,0.546991376377597
"Hyptis pectinata - Hyptis pectinata (L.) Poit., fam. Lamiaceae (Labiatae)",0.36062231027229286,0.3095797385427861,0.46741777165117404,0.15258519043066665,0.32363995844203874,0.35966608384482834,0.35004957327581476,0.3370933617570452,0.3560092877572335,1.0,0.4186749018929057,0.3272623705151785,0.21506929014686227,0.46708114010800883,0.3498420992274651,0.26299974887287203,0.3689549095724409,0.3444026737077933,0.35162502464985346,0.5207429996663202,0.5207452641934727,0.35854595155648206,0.3198537117128123,0.4304662790623449,0.3048859149292741,0.2500704608403972,0.4213959928951172,0.10157953871968806,0.26957669923566374,0.46753748697790276,0.34574975707845423,0.2884688319403773,0.28999077415046604,0.294709801266522
"Magnolia grandiflora flower (India) - Magnolia grandiflora L., fam. Magnoliaceae",0.6782922667582185,0.5389613040514406,0.6780625524307559,0.2758923334802217,0.5415265251389854,0.6378271468266703,0.6185954378672307,0.642750358281264,0.6983791852672919,0.4186749018929057,1.0,0.5808595120426259,0.4109362552410788,0.6922346885912709,0.5809517323641464,0.4679856573948271,0.6195056119532163,0.6324016304544731,0.630639638867335,0.6605688172164044,0.6605720146039543,0.6685681091794219,0.5305813187059478,0.6215575935477153,0.5573181178099036,0.5000747691604526,0.6447933786122966,0.2959759252258216,0.5372575208424523,0.636834094678046,0.6230001688245422,0.48500288834603333,0.4877603348072381,0.5651994851439648
"Marihuana (India) - Cannabis sativa L., fam. Cannabinaceae",0.678468531929602,0.5862197395449635,0.5213796199123795,0.47982758801882264,0.5507396900766823,0.6363424651598588,0.6404951361753044,0.590371231634536,0.6055350365395442,0.3272623705151785,0.5808595120426259,1.0,0.3148236545269777,0.6447759095101986,0.5163166388368259,0.7096003114553973,0.6784719470287757,0.5841977947525108,0.6094619338549323,0.5523517371945164,0.5523518798075493,0.6011889891176116,0.6318368063050988,0.5398468454044817,0.46287787774042266,0.4182450979354396,0.5793664594896244,0.24147842790299479,0.45044208805602093,0.6232026161770758,0.6021397631867815,0.5672703610910839,0.5690954045836789,0.5342827355438464
"Melissa romana - Melissa romana Mill., fam. Lamiaceae (Labiatae)",0.3708922225477118,0.2768107241743636,0.46111202903615,0.03585555162239962,0.26486436022594373,0.36066221070476834,0.3684382020376562,0.38534239431174455,0.38667337074795505,0.21506929014686227,0.4109362552410788,0.3148236545269777,1.0,0.40645942784701317,0.32177628085293697,0.2259113881333984,0.31383605342237764,0.35991952824619144,0.361303595411509,0.46449938883497066,0.464501415517961,0.39048259021252674,0.240131849123026,0.3466657194485496,0.31853006930486394,0.29656629602419815,0.3652246449915826,0.16094146225076655,0.3320872254526911,0.34831746872511127,0.34663437327417734,0.20786263199108612,0.21006948041662865,0.3348544185047666
"Micromeria myrtifolia (Turkey) - Micromeria myrtifolia Boiss. et Hohen, fam. Lamiaceae (Labiatae)",0.6898665424928601,0.5996419003656839,0.6890599247892146,0.40499334159196754,0.5974233156566913,0.6773547619204514,0.6917853034520067,0.6573322940442456,0.6457002920545354,0.46708114010800883,0.6922346885912709,0.6447759095101986,0.40645942784701317,1.0,0.58156558924726,0.5567342672694983,0.6992817756280173,0.6335421129866148,0.6821052726576413,0.7038287860718695,0.7038324504882245,0.6966113069813353,0.660295570660072,0.5771896990338554,0.4983195487269164,0.46916060375174906,0.6727246818463634,0.28287897795378214,0.5058593338391252,0.7194350353725654,0.7153474744292769,0.6104711486748104,0.6129215934875918,0.545557726841251
"Ocimum gratissimum (Aruba) - Ocimum gratissimum L., fam. Lamiaceae (Labiatae)",0.5581305226709241,0.5201805826810717,0.5150001329691793,0.28566297660318074,0.4825181482252018,0.54154496164218,0.5322486626852599,0.57601914758062,0.5385993446033746,0.3498420992274651,0.5809517323641464,0.5163166388368259,0.32177628085293697,0.58156558924726,1.0,0.44023601011533897,0.5525390557912249,0.5210931160582597,0.5376424820985986,0.5267157690839843,0.5267180082336906,0.5620459180461503,0.4995600964929089,0.553380960523682,0.4574087739417054,0.40002867356655303,0.5343601921166313,0.21984434245347895,0.4208473788329701,0.5345012921541907,0.541971519753911,0.4644910914363597,0.4665345848611602,0.45842610880126744
"Orthodon dianthera (Vietnam) - Orthodon dianthera Maxim. (Mosla dianthera Maxim.), fam. Lamiaceae",0.5767157629444608,0.5433744473368601,0.40280898880746907,0.5792484579999676,0.4995534119378482,0.5574118661630878,0.5757169931258573,0.47420185173978247,0.4662146559721354,0.26299974887287203,0.4679856573948271,0.7096003114553973,0.2259113881333984,0.5567342672694982,0.44023601011533897,1.0,0.6209920521546651,0.4519030636792296,0.4919564173639229,0.44063482151286126,0.44063676172982535,0.5005711557478626,0.6184095546328381,0.43892720958749776,0.3804861649563276,0.3136732905223062,0.475811868536137,0.16881735144142418,0.34353378475995144,0.4960220095279292,0.5008750161502302,0.5581502877182065,0.5591084791719563,0.43971516301778557
"Pepper, black (China) 2 root - Piper nigrum L., fam. Lamiaceae",0.6805626808710019,0.6360195243777751,0.5313789504478081,0.5455091792302473,0.661295059154679,0.6672509316824378,0.6841523020101277,0.5918675019552171,0.6042926326795726,0.3689549095724409,0.6195056119532163,0.6784719470287757,0.31383605342237764,0.6992817756280173,0.5525390557912249,0.6209920521546651,1.0,0.6458007789925568,0.6904205223629524,0.5542401516252413,0.5542425863238667,0.6159050795431874,0.7657280588700235,0.572112944097743,0.44770654326368353,0.42992331514069804,0.6270261409284097,0.24011565116724687,0.45330572252031054,0.6665323563604402,0.6373074153844007,0.6944592251918285,0.6961324637160995,0.5094699577105848
"Pepper, black (India) 7c cv. Kuthiravally - Piper nigrum L., cultivar Kuthiravally, fam. Piperaceae",0.6992102837404433,0.5224173012214784,0.5990966687324204,0.29039566886219703,0.5233973095343103,0.6054950962890318,0.5903790241870142,0.6813893828134749,0.6389299537117892,0.3444026737077933,0.6324016304544731,0.5841977947525108,0.35991952824619144,0.6335421129866148,0.5210931160582597,0.4519030636792296,0.6458007789925568,1.0,0.6982499322392894,0.6151921678290144,0.6151936609517187,0.6062296531947668,0.5381660588891743,0.6198975870140921,0.504734576792004,0.49382461304841074,0.6862066630176276,0.2687796257377967,0.5009866639205437,0.6017127207352322,0.6015583617412519,0.5045251560969952,0.5068991291907903,0.5561000979116159
"Pepper, black (Malaysia) - Piper nigrum L., fam. Piperaceae",0.6643516996692193,0.5399399476388984,0.6015421152180946,0.3335413111971274,0.5409837880990667,0.6354272403022165,0.6159898228154144,0.6535240084272416,0.6246724345241477,0.35162502464985346,0.630639638867335,0.6094619338549323,0.361303595411509,0.6821052726576413,0.5376424820985986,0.4919564173639229,0.6904205223629524,0.6982499322392894,1.0,0.6131232882685869,0.6131260935340063,0.6284055171750894,0.579627467187567,0.5579750915633364,0.48353292836293615,0.4558893886881473,0.6195809203883293,0.2637462545553533,0.4936967906987233,0.6232053270534735,0.6138444820328945,0.5285527617399373,0.5308855654422856,0.5178807193715435
"Pistacia lentiscus (Italy) 1a CO2-extract - Pistacia lentiscus L., fam. Anacardiaceae",0.6229719242737157,0.48853200230374483,0.7755685194396418,0.22621085161123133,0.4714973384187544,0.5920730595423287,0.5829381003843368,0.6265044151116839,0.6147598704348849,0.5207429996663202,0.6605688172164044,0.5523517371945164,0.46449938883497066,0.7038287860718695,0.5267157690839843,0.44063482151286126,0.5542401516252413,0.6151921678290144,0.6131232882685869,1.0,0.9789821387800153,0.6142925363923135,0.45406065984148225,0.5732249992286811,0.539869154924101,0.4777214455587814,0.6055603168592159,0.2915291056656971,0.5354535534675502,0.6203317996403752,0.5635670726331455,0.4078026999123249,0.41037838218754497,0.560749407469736
"Pistacia lentiscus (Italy) 3a CO2 extract leaf - Pistacia lentiscus L., fam. Anacardiaceae",0.6229748028181508,0.4885341242159317,0.7755733552123056,0.22579496322868942,0.4714993919373336,0.5920757200468401,0.582940702615116,0.6265073208813687,0.6147408135623705,0.5207452641934727,0.6605720146039543,0.5523518798075493,0.464501415517961,0.7038324504882245,0.5267180082336906,0.44063676172982535,0.5542425863238667,0.6151936609517187,0.6131260935340063,0.9789821387800153,1.0,0.614295350161782,0.45406264777278216,0.5732275422341471,0.5398715135808168,0.47772303460990495,0.6055598313064454,0.2915306375410476,0.5354558897046764,0.6203346581679285,0.563554990250746,0.4077907339338237,0.41036636393834847,0.5607518782483691
"Polygonum odoratum - Polygonum odoratum L., fam. Polygonaceae",0.6515538271475465,0.5404735329114299,0.617902267108399,0.29937197024476736,0.5277065078832576,0.6269617538139536,0.6121808802390669,0.6361976643624712,0.6359199485447534,0.35854595155648206,0.6685681091794219,0.6011889891176116,0.39048259021252674,0.6966113069813353,0.5620459180461503,0.5005711557478626,0.6159050795431874,0.6062296531947668,0.6284055171750894,0.6142925363923135,0.614295350161782,1.0,0.5494304576423472,0.5710000810942155,0.49972693313066474,0.4750433086506085,0.6254553712276605,0.2812426206871612,0.5045303357750137,0.611898275080334,0.6466404617854907,0.5065670795404686,0.5091282875807708,0.5460951593600577
"Psidium cattleianum leaf - Psidium cattleianum Sabine, fam. Myrtaceae",0.6134153760971014,0.6107741051938498,0.4288908679340756,0.6714061910318471,0.6503275668690103,0.5936483289476011,0.6347629864345994,0.5114608570436344,0.5134119338068932,0.3198537117128123,0.5305813187059478,0.6318368063050988,0.240131849123026,0.6602955706600722,0.4995600964929089,0.6184095546328381,0.7657280588700235,0.5381660588891743,0.579627467187567,0.45406065984148225,0.45406264777278216,0.5494304576423472,1.0,0.5014329928311196,0.3606369081897133,0.35465608249448166,0.5665687181423638,0.17309096094372312,0.37252354321786774,0.6178102511336525,0.6297305444641932,0.8058540174325424,0.806241301712919,0.42306182847442486
"Psidium friedrichsthalianum leaf - Psidium friedrichsthalianum (Berg) Niedenzu, fam. Myrtaceae",0.6412832782438651,0.48622497491042926,0.557645342594576,0.2660322500059933,0.48929528535436106,0.566469308211989,0.546499953859147,0.5874368396997414,0.5789479282855137,0.4304662790623449,0.6215575935477153,0.5398468454044817,0.3466657194485496,0.5771896990338554,0.553380960523682,0.43892720958749776,0.572112944097743,0.6198975870140921,0.5579750915633364,0.5732249992286811,0.5732275422341471,0.5710000810942155,0.5014329928311196,1.0,0.5063927316640832,0.47682589210565496,0.6585052987646154,0.24568573906969182,0.46757134686563917,0.5551573701260855,0.5595630914967706,0.44350367384130274,0.4457438873525965,0.49156955874612085
"Pterodon polygalaeflorus - Pterodon polygalaeflorus Benth., fam. Leguminosae",0.5252393194876246,0.4021336692141768,0.5932489720792209,0.16903672520512825,0.3821872681481385,0.5061338459490295,0.48733183643586786,0.4977712850170902,0.49748368221537453,0.3048859149292741,0.5573181178099036,0.46287787774042266,0.31853006930486394,0.4983195487269164,0.4574087739417054,0.3804861649563276,0.44770654326368353,0.504734576792004,0.48353292836293615,0.539869154924101,0.5398715135808168,0.49972693313066474,0.3606369081897133,0.5063927316640832,1.0,0.3838039414243736,0.46606077750095254,0.2338582545583353,0.42590834063331284,0.454712059692033,0.4384055528742624,0.31782561855095415,0.32008891635556247,0.7034391078268163
"Salvia canariensis (Spain) - Salvia canariensis L., fam. Lamiaceae (Labiatae)",0.5216130193954864,0.37355927300115266,0.4941034221357433,0.1247330642191522,0.36374577056168955,0.4568358912573389,0.5252903934588954,0.5005014693560899,0.48441336134347335,0.2500704608403972,0.5000747691604526,0.4182450979354396,0.29656629602419815,0.46916060375174906,0.40002867356655303,0.3136732905223062,0.42992331514069804,0.49382461304841074,0.4558893886881473,0.4777214455587814,0.47772303460990495,0.4750433086506085,0.35465608249448166,0.47682589210565496,0.3838039414243736,1.0,0.4823402087958748,0.20839252873475567,0.4041118257786064,0.43873064999374334,0.45289951824372077,0.3090717872115023,0.31137157856519426,0.42239530235337375
"Salvia nemorosa (Canada) - Salvia nemorosa L., fam. Lamiaceae (Labiatae)",0.6636927312875155,0.5359414498524522,0.6014139607426399,0.3130755034722562,0.534270754916525,0.6084367006926875,0.5977628509882311,0.6279977125331087,0.66334340178489,0.4213959928951172,0.6447933786122966,0.5793664594896244,0.3652246449915826,0.6727246818463634,0.5343601921166313,0.475811868536137,0.6270261409284097,0.6862066630176276,0.6195809203883293,0.6055603168592159,0.6055598313064454,0.6254553712276605,0.5665687181423636,0.6585052987646154,0.46606077750095254,0.4823402087958748,1.0,0.26425802064886794,0.5147773084708192,0.624050037216346,0.6296191113764767,0.5780534030444088,0.5807711190073281,0.520339871200374
"Sindora glabra (China) - Sindora glabra Merr. ex De Wit, fam. Caesalpiniaceae",0.27887789604255964,0.2037379511661508,0.30590680558164396,0.0,0.4297108729587271,0.2703180172415558,0.2568170989656612,0.2797875244563419,0.2844979668000982,0.10157953871968806,0.2959759252258216,0.24147842790299479,0.16094146225076655,0.28287897795378214,0.21984434245347895,0.16881735144142418,0.24011565116724687,0.2687796257377967,0.2637462545553533,0.2915291056656971,0.2915306375410476,0.2812426206871612,0.17309096094372312,0.24568573906969182,0.2338582545583353,0.20839252873475567,0.26425802064886794,1.0,0.22882533903152802,0.2608268159058408,0.24075262207503534,0.1403731624765967,0.14225447546142633,0.26841292461541233
"Spilanthes acmella - Spilanthes acmella Murr., fam. Asteraceae (Compositae)",0.5184062484138248,0.4068754817393706,0.5532389848463786,0.14876536714159794,0.3877295120682539,0.4931498495651584,0.46924835506533213,0.5171741074989495,0.5151454214480311,0.26957669923566374,0.5372575208424523,0.45044208805602093,0.3320872254526911,0.5058593338391252,0.4208473788329701,0.34353378475995144,0.45330572252031054,0.5009866639205437,0.4936967906987233,0.5354535534675502,0.5354558897046764,0.5045303357750137,0.37252354321786774,0.46757134686563917,0.42590834063331284,0.4041118257786064,0.5147773084708192,0.22882533903152802,1.0,0.47192309477020566,0.4625432344839966,0.32924637500658693,0.3316064105693344,0.45076159357868595
Synedrella nodiflora leaf (Fiji) - Synedrella nodiflora (L.),0.6270651345954217,0.5621653780889997,0.6068873970538067,0.3831856519860235,0.585197838947042,0.630667052403718,0.6229058931121576,0.5854637195084407,0.6019126173344727,0.46753748697790276,0.636834094678046,0.6232026161770758,0.34831746872511127,0.7194350353725654,0.5345012921541907,0.4960220095279292,0.6665323563604402,0.6017127207352322,0.6232053270534735,0.6203317996403752,0.6203346581679285,0.611898275080334,0.6178102511336525,0.5551573701260855,0.454712059692033,0.43873064999374334,0.624050037216346,0.2608268159058408,0.47192309477020566,1.0,0.6298207291391298,0.5673096942920531,0.5693471333905236,0.5239130780429888
"Vitex limonifolia leaf - Vitex limonifolia Wall., fam. Verbenaceae",0.6604444810072446,0.5461438821814197,0.5549316822554515,0.36093594928120176,0.5456842334652383,0.5945360387804344,0.6038010996450367,0.6223078726235973,0.6092351388540003,0.34574975707845423,0.6230001688245422,0.6021397631867815,0.34663437327417734,0.7153474744292769,0.541971519753911,0.5008750161502302,0.6373074153844007,0.6015583617412519,0.6138444820328945,0.5635670726331455,0.563554990250746,0.6466404617854907,0.629730544464193,0.5595630914967706,0.4384055528742624,0.45289951824372077,0.6296191113764767,0.24075262207503534,0.4625432344839966,0.6298207291391298,1.0,0.5958868516603296,0.5981756862050251,0.4906890139387883
"Vitex trifolia var. bicolor (Fiji) - Vitex trifolia L. var. bicolor Moldenke (Willd.), fam. Verbenaceae",0.5461477082133561,0.5623897489804534,0.3828841258295079,0.6270973870477061,0.6032633791184989,0.5394106951381685,0.5778265142371515,0.46720923921716573,0.49834512728158253,0.2884688319403773,0.48500288834603333,0.5672703610910839,0.20786263199108612,0.6104711486748104,0.4644910914363598,0.5581502877182065,0.6944592251918285,0.5045251560969952,0.5285527617399373,0.4078026999123249,0.4077907339338236,0.5065670795404686,0.8058540174325424,0.44350367384130274,0.31782561855095415,0.3090717872115023,0.5780534030444089,0.1403731624765967,0.32924637500658693,0.5673096942920531,0.5958868516603297,1.0,0.995721046188572,0.3775760248075126
"Vitex trifolia var. bicolor (Thailand) - Vitex trifolia L. var. bicolor Moldenke (Willd.), fam. Verbenaceae",0.548534093453855,0.563848777648448,0.3855864180212356,0.6251222930537926,0.604446993474157,0.5415870453206317,0.5797763833898468,0.46982113964180383,0.501254653980304,0.28999077415046604,0.4877603348072381,0.5690954045836789,0.21006948041662865,0.612921593487592,0.46653458486116006,0.5591084791719563,0.6961324637160995,0.5068991291907903,0.5308855654422856,0.41037838218754497,0.41036636393834847,0.5091282875807708,0.806241301712919,0.4457438873525965,0.32008891635556247,0.31137157856519426,0.5807711190073281,0.14225447546142633,0.3316064105693344,0.5693471333905233,0.5981756862050251,0.995721046188572,1.0,0.3798926791727236
"Ylang Ylang (China) 1 - Cananga odorata (Lamk.) Hook. f. et Thomson forma genuina, fam. Annonaceae",0.5570824788570179,0.4722369762775338,0.605108590358943,0.2247967268477279,0.43564000352233634,0.5415788009602166,0.5340135884342198,0.5449580442366253,0.546991376377597,0.294709801266522,0.5651994851439648,0.5342827355438464,0.3348544185047666,0.545557726841251,0.45842610880126744,0.43971516301778557,0.5094699577105848,0.5561000979116159,0.5178807193715435,0.560749407469736,0.5607518782483691,0.5460951593600577,0.42306182847442486,0.49156955874612085,0.7034391078268163,0.42239530235337375,0.520339871200374,0.26841292461541233,0.45076159357868595,0.5239130780429888,0.4906890139387883,0.3775760248075126,0.3798926791727236,1.0
